ISIS SCHEMATIC DESCRIPTION FORMAT 8.0
=====================================
Design:   Sim.pdsprj
Doc. no.: <NONE>
Revision: <NONE>
Author:   <NONE>
Created:  2/28/2015
Modified: 2/28/2015

*PROPERTIES,49   
ABSTOL=1e-12
BADMOS3=No
BYPASS=Yes
CHGTOL=1e-14
DEFAD=0
DEFAS=0
DEFAULTS=0
DEFL=0.0001
DEFW=0.0001
GMIN=1e-12
GMINSTEPS=120
ITL1=100
ITL2=50
ITL4=10
LOGSTART=0
LOGTIME=60
MAXORD=2
METHOD=GEAR
NOOPITER=No
NUMSTEPS=50
OLDLIMIT=No
PARTITION=0F3E6240
PIVREL=0.001
PIVTOL=1e-13
RELTOL=0.001
RSHUNT=1e+12
SIMTYPE=TRANSIENT
SRCSTEPS=120
TDLOWER=0.9
TDSCALE=1
TDUPPER=1.1
TEMP=27
TMAX=0.025
TMIN=1e-18
TNOM=27
TRACE_CONTENTIONS=1,0
TRACE_CONVERGENCE=1,1
TRACE_DCPATHS=1,2
TRACE_ITFMODS=1,3
TRACE_NETTYPES=1,4
TRACE_OPTIONS=1,5
TRACE_PERFORMANCE=1,6
TRACE_SPICELINK=1,7
TRANGMIN=1e-09
TRTOL=7
TRYTOCOMPACT=No
TSTART=0
TTOL=1e-09
VNTOL=1e-06

*MODELDEFS,0    

*PARTLIST,14   
$IOSCILLOSCOPE#0002,$IOSCILLOSCOPE,,ACTIVE=034645E0:052228F8,CHAACDC=0,CHAINV=FALSE,CHAPOS=116,CHASUM=FALSE,CHAVAL=3.7999999999999998,CHBACDC=0,CHBINV=FALSE,CHBPOS=28,CHBVAL=2.2333333333333334,CHCACDC=0,CHCINV=FALSE,CHCPOS=-40,CHCSUM=FALSE,CHCVAL=22.333333333333332,CHDACDC=0,CHDINV=FALSE,CHDPOS=-112,CHDVAL=5.0000000000000003e-002,EID=1,HORIZPOS=200,HORIZSRC=0,HORIZVAL=1.e-004,MODDLL=DSO.DLL,PRIMITIVE=ANALOG,SHEETID=00000002,TRIGACDC=0,TRIGAUTO=TRUE,TRIGCURSORS=FALSE,TRIGDELAY=0,TRIGEDGE=0,TRIGLEVEL=118,TRIGSRC=0
P1,COMPIM,COMPIM,ACTIVE=03464EA8,EID=2,MODDLL=COMPIM.DLL,P_BAUDRATE=2400,P_DATABITS=8,P_HARDFLOW=0,P_PARITY=NONE,P_PORT=COM1,P_SOFTFLOW=0,P_STOPBITS=1,P_XOFFCHAR=19,P_XONCHAR=17,PRIMITIVE=DIGITAL,SHEETID=00000002,V_BAUDRATE=2400,V_DATABITS=8,V_HARDFLOW=0,V_PARITY=NONE,V_SOFTFLOW=0,V_STOPBITS=1,V_XOFFCHAR=19,V_XONCHAR=17
X00000001#0,PPROBE,,PIN=00000002:034645E0:00000000,PRIMITIVE=PASSIVE
X00000001#1,PPROBE,,PIN=00000002:034645E0:00000001,PRIMITIVE=PASSIVE
X00000001#2,PPROBE,,PIN=00000002:034645E0:00000002,PRIMITIVE=PASSIVE
X00000001#3,PPROBE,,PIN=00000002:034645E0:00000003,PRIMITIVE=PASSIVE
X00000002#0,PPROBE,,PIN=00000002:03464EA8:00000000,PRIMITIVE=PASSIVE
X00000002#1,PPROBE,,PIN=00000002:03464EA8:00000001,PRIMITIVE=PASSIVE
X00000002#2,PPROBE,,PIN=00000002:03464EA8:00000002,PRIMITIVE=PASSIVE
X00000002#3,PPROBE,,PIN=00000002:03464EA8:00000003,PRIMITIVE=PASSIVE
X00000002#4,PPROBE,,PIN=00000002:03464EA8:00000004,PRIMITIVE=PASSIVE
X00000002#5,PPROBE,,PIN=00000002:03464EA8:00000005,PRIMITIVE=PASSIVE
X00000002#6,PPROBE,,PIN=00000002:03464EA8:00000006,PRIMITIVE=PASSIVE
X00000002#7,PPROBE,,PIN=00000002:03464EA8:00000007,PRIMITIVE=PASSIVE

*NETLIST,11   
#00000,4
P1,IP,TXD
X00000002#0,IP,*
$IOSCILLOSCOPE#0002,IP,B
X00000001#1,IP,*

#00001,2
P1,OP,RXD
X00000002#1,IP,*

#00002,2
P1,OP,CTS
X00000002#2,IP,*

#00003,2
P1,IP,RTS
X00000002#3,IP,*

#00004,2
P1,OP,DSR
X00000002#4,IP,*

#00005,2
P1,IP,DTR
X00000002#5,IP,*

#00006,2
P1,OP,DCD
X00000002#6,IP,*

#00007,2
P1,OP,RI
X00000002#7,IP,*

#00008,2
$IOSCILLOSCOPE#0002,IP,A
X00000001#0,IP,*

#00009,2
$IOSCILLOSCOPE#0002,IP,C
X00000001#2,IP,*

#00010,2
$IOSCILLOSCOPE#0002,IP,D
X00000001#3,IP,*

